#==================================================================
# genrator AES seed = c3c3aea5c01e90a42fe4e6e7458f76d3 iv=9d95458c36914e9e
#==================================================================
type: b
count: 250
numbit: 32
00010110011011011010001101101011
11001110010110011101110111000100
10100001000010011010000000000010
10011110100011101000101100101110
01001000101100011001101101101110
10110101101110011000111010000110
10100111011001000011110100101001
01011111111011001010100010011000
00010001101100001001011010011001
00001111000000110010001011010110
01001100010011001000011001111110
01011011100101011010000100111010
01111010110011100001101011100110
00101100011001111011010110001011
10011011110011010100101000011100
01111111110001101101001100100000
11010001000110101101100011110011
11011110011111000011111110011000
00011000110111100111011011010001
00100110111010001101000100101100
01001111100110111011010110001111
01011100010110000001110010101100
01110101100011110101101011000100
00000111101110001101101101100110
10101000010000111000001111010100
10001011101011001010001001101110
00010110000100101110011011100111
11101010110001111011101111110110
11000101111010010100000110001100
01110111000010110110000101011010
01111101101110001010101010011101
00000001001001011100001001010010
00100000000101110101000001101110
00101000101010010000000010101010
00011011010001010010101001101110
11010010010110001010000000000000
01110101100111010100100101000001
00010111001001001011011011001100
01101111011011100110101000010000
01011101001000101011110000001001
01100111000010110001000100111110
10001000011010000110011101101011
10110100111010011010001111000101
10000101100111011010010100101001
00101001011011000101001101010001
00111101001110010110111010010010
00100110000100100011101110001111
10011101011100111000011001011000
01100001001111001011001001100111
01000001101010011001001101000000
01011000100011001000011000011011
00001101011011011010111110101010
10100001101000010100010101110110
11110001111000110001100011000001
01110000100110011000100010011101
00011110111000101000011010100110
11010010000101110010111000000010
10101111001011101010111000011011
00010101100000011000111000111010
10000111010001100100101100011010
11111101001001100011011011011010
01000000010100100100000100010110
00000011000101101011010000000110
11011101011001100010101101011110
01011001101101001001010000110000
01100011111110111100001010100111
10011110010111100001101010111000
11100111110001010110100000000110
01010001110110110100000101110010
01010110011110001110111111000000
01000110011000111101101111101000
01101010000000000000110001101111
01101111111001100111001110101100
11101010110001111010100000111110
11111010001001010010011000011000
00001010101011011011000000011010
11000000101110101011001101110001
01000100000111010011000100101111
01110011100100001100111111101100
00001000111110010111100100111011
10110011001011111010110000011100
00011000101101001011101101001100
00001101111111010111001101001010
00101100101011010100111111011101
10111110111010101010100100011100
10001010000001101101100010110101
10010111101000000001000000001010
00001011100100110110000110010100
00010111101001101001001110010110
01010011101000111101000110011011
01001111010100000001101101100010
10011110110001111111011001100001
10000010100011001001001011000101
10101010000111011101101101000100
01100010011111110011110000111101
11101010100001000111000101101110
10111000110111001011001111010011
11000000101100011110110100011111
00110101011010000100000000011101
01010110100101000011010011010001
10010011001100011011001001010000
00000011101101111001101010111110
10100111101000011011010100011111
10101110010011011100110000100111
00101111110000000111101101001001
01111101111010110110000101011011
00100001111101110001111000100011
11001101010101101100011001011111
00001001011100110111111000001010
00111001001011010101110010011010
11000101101000001000111101010111
01100110001001110000000001100010
11010000000010110101101011001101
10110011001001111110000001001101
10011100111010011101010000000110
11100101000011111000011001111100
11110101101111100011110011011101
10000010000110010100001100001100
11111011000110000100000100101011
01111000001011110100101011111011
00000100010010110000110100011110
10111010000001111001111100000000
10011110010011000111001100010000
10000001001010110011000111101100
01001001100011011100001100111000
01000100100010101101011101010010
10011100100010000000000001010000
11111110101100110001000110010101
10101111110110110111010110010000
11011101010101101001100101011111
00100001000011011011011000010100
01000010100100110001101010010011
11001111001100100000011101111110
00000111100000010001000011000000
01010100001111000001101101011011
10010000010011000011011110011101
01111010001101100011110000010100
00110111001101110000000111100001
11110101000100110001101100110011
10001101101110011001011101001101
10101111010000110011111100010000
10000101101010001101110011001001
11101000101000101100100110011010
11000001110110000001110100000000
10010101000000001001110100110000
10111001101101101010101110111000
01111000100110110100011100011111
10101101010100001111101100100100
01101011100010011001010110110110
11111101010101001010101011101110
10110010011100000111111011010111
10001101001101100100000110111000
10111000001001110011111101001100
11111110010000100110010101101100
00111010001010111100000100011001
10010101001000110010011001010100
11010101111101101000000010110011
10000111101000101100011100011000
01101000111101000110010100110010
11001110000100000000000111101100
00100101011100000110110101100100
11000101111111111011101111101101
00010100010000110101010101000010
00010111101100100001010111111010
11111001101110100000110110100000
10110011001100110011000000010110
01101111100000100011001011011110
10010101101100100101000100111100
11011011001001111011111001000011
01001001100000011010011010101101
11110011010000110111100001010001
11101011111110110011010100001000
00010111010100011111110101100010
10110101100101001100000010101101
10111011111010011011111011010101
01101110111100110100100101000000
10101101101100010111001001011111
00010100100110011011011010110001
00101011111110110101010000101010
00001101100110011001101000111000
00000001101010111010111110101101
11010111010000111000101001001100
10011100101101100100010010000010
10010001000011000011010010000110
00011110101101000010001111111001
01111010010100100111110010100100
01100111101001111001010101000000
00010101111011001001010111101111
01101001111101101000111011000100
11001000011101000001100110110011
11001000100100110000000110011101
11111100111010000100010100100011
00100001011000001010011110100001
01100001101111001101000111110110
01101000010010111111111011110010
00101111101001000100110010101111
10111111011000100000001011001000
11100100101011011001010011001010
11001110111101011000111001011101
00111101111111000100001000100110
00011101011010001101111100110111
01111100011110000010001110001011
11001110110100010110110101001101
11000101100000010010111111100101
10000000000001111011101000100111
10010111011000010001110100111110
00111111100001111001100111110001
01011000110101000011110000001110
01101110111101111110101010101011
10111000001001010111111101010111
11110010000000000110010001100001
00001101100111001111011101000010
00111101111000010110010011010001
10001110000110101000100000000011
01111100100010101101110101010000
01110101001111011001011010011110
11000011011000000101010100010010
00110110100100011111011000010011
01111101010011000110001000110001
11101110100101000010000110101011
10101011111001001111001101100110
10110111110110101000011010000111
01001110011101010100111000000000
01110001100110001010111011001011
10011110010010110000011011000010
01100000111100000011110011000101
10010100000001011000001101011011
10101100011111011100110001010000
00001000101111010001101001010101
01110010011001101111101110000001
11101001010101001001100000000101
11011010101000110101001111110011
00011101111010010110100110100001
10100110101001011110110011101100
11001111010000100010111000101000
00110011010101010000111000000011
00000000100111011110011010101000
10000110101101000000010111001010
01011010011011111111111010000000
10000101000100100011000010011110
10010010011110010100111010101010
01010011101101011001100110100000
10000100010010101001010011110010
11110111110011001100111001011101
01101000110011101001010001010011
00100111111110010010011011010111
00011011011110011111010100101110
11111100100011101110011011110100
10010001001111100010010011101101
10000011101011010111100011010110
11101011000101111000111111110100
10011111000110001100100001000111
01111000001101101111010000101110
00000100001000110100101001011111
10100000001110010011100101100101
01100011010100101011111011111101
10101011000110111000011101111100
00010111011100001010000010010011
11101010000011110101101110010010
01110110001000100000100101110000
11101010111011111110010011111110
11011100010100000100001111000101
11010001000000101000110010001010
00101110010100101100111000100101
10011100000010010101011110001111
00111110010010001111110010001010
11101110001100111011000101101001
11011110010100000011011000001001
10111101111111010110111001101010
10101010100100100111010010100111
10011110010100011000111000001011
00001001110000110110111010100101
10010101100101000001001111000111
11010101111010000111010110010001
01110110000101010111101011111110
10010101101110100111110110001101
00010001111100000111000001101011
10111000110001110011010110010110
00001010100101100010101000100110
10111101011011010101011100100110
10111100111000110100100111010110
11111011010100011111001010010101
00000100010000100101000011100001
01001111101101111100111110110101
01101101000011101101001000101110
10100110101110010001001111010101
11110111110100011010000110001001
11100011100111101011000111100001
01110011011100110010001101001000
01011110011100100001110010011100
11110111101111111111110110000100
01101011101111110001010110100010
01000100011010001111110110001011
11010110101010011111011011101010
10110010111010111100001000101000
11011101101111010100101011011110
00010011100001001000111111000010
01100011010111101100111011101000
11111111101110110110000011111011
00000101010100011011100000001001
01111000101110000010101000111101
00110001101110111001111000100111
10100101111101110111101010110010
01111100000110010000110110000110
00111110101000011001110101100001
10111110010100010000111110001010
10001000010100011011101110010011
01011011101111011111101101010011
10101110111000101010100000010010
01010100010111011010111101111111
00100100011010110101010110001001
01101100011001010001100100101011
10011000011001111011001001000010
10010111100110101010011100100110
01101000010110010110110110000110
01011010110110011010111100001001
11100110000110011110001010100111
01100110010110110000001101001010
01110101110010111010101001100101
11000100100101000001001001001111
11000001010100111001011100010011
10010101101110001101010000110101
00100111001111011000101001101010
00010011111000001100010111111000
00100010010010110011110011111110
11011010011110111101111110000011
01110110100101010001101001101001
11001100010000101011100001010100
11100011000101111101011000111000
01110101010011110011110000111010
00011100011001000101101000001101
11000101110101100101010001010111
00101010101110010110001000111001
01100100011111100000111101100010
11000010110110000110111010011001
01000000011100011011011000111100
00000000110100010000011001111110
00000111011111101011000010101011
11101110001001010100000000010001
11000001100110011101101001100000
11001110111011011100011110001000
10010110010100111110010111010110
01001000110101110011001010101100
11000111001010111101100001111111
01100000000110101111010010101110
10100110011000000101110001001010
00100101111010010000010000011100
11101000111111010011100001001001
11100111111111000001010010101011
10011001101000001010111000000011
11111011011011101111000001101111
11001000011110011001001111001101
10101100110010000111101010110011
00000000010111100010101101000110
01001000011111110101110101100100
10110010111001011001001000010010
00110110011000010111011000111010
11111010010101100101110110100111
11011111000001011101001001100001
01011100111000110000101110001100
00101110011101001100011100100100
01111111101111101101000011110100
11111010101010111001101111100101
01001110111000000100001011011111
11010010101011001100000010011000
01001011001101111110011100010101
00010100011000010000111110110110
10000011100011101001111100010101
00101100111100111111011110011111
11100001110010000000101111011111
10010100101101101111110001110010
00010000100001110011101011101100
11110011100001111101110001101111
10111100000001011110111100001011
11101100101011011100101000100101
10100000101111001110011110100100
01000101111111010010100011101110
01000111101001101011011111111010
11111011000000101011010001011110
01011010001000110001000100101110
00111100010011110010110100000100
01000111101101001110010110101101
01001010100010110011101011111100
00100111100001001010010000001000
10101100000001001101001001101100
01100010101011011100010000111001
00000111111111001111010001001101
01000001111111010111100011001110
01101111010000000100100011110000
01000101110010111000100011011111
00000011111110111011000110000001
01001010101101101100010011010101
10111001101010001100001010110010
00011010011101011000101110001001
10011010101000000101111011010011
11110010101000101111010111101111
11011000100111101011001111010001
10101010010000011000101101011100
10000010000111110110101110101001
10000000010001111001100001111101
01000100011101001001100110010110
01111101010110101100100100010000
00000011000000111111011100001111
01100000101100010101110110001000
00100010101101111011010011101000
11100000100001000010011101110110
01010011000110010001000100111001
00010010101011111110111101100011
11111101101001111000000111110011
00111011100111110101110001111101
01100111111011011110110100011001
00111111011010101000001001010011
10011111000100100010010110000000
10011111111100001101000100000000
10000010100101011000100001011100
10010001001000001010110001000110
00011110111010011011011101101110
00110100000001101110000100011000
10011011101001011100110001011111
01001001101111100100000000100000
01110110010111110000000010101100
00001010000101111010110011001010
11000010110111001100001101001001
00101011110010111010110011001100
00100111101011100001101011001100
00110110111010100000001000100100
11011011111100000111110000000000
01001100100101010010010011010001
10010111111100111110011001100101
11111000001011111001000011101011
01111011110101100010011110001111
11010000101111111100110000000111
00011100010001111110011111000111
10111000001001110001110101011101
10101010011001010100000001110111
11110010010001110001100111000010
10110001100110010000010111001011
10000010110011101001101110111000
00001000000110010000110010011000
00111111000011110111100001101111
11111111010001001110001101011111
01000000010011000011001011110110
10011010100100101010101110101000
10100001110100010011100110000101
11001011001000011100010011100001
11001011101001111011000110100111
00110001110110100111100110100000
10110011001110101101001011010110
11010111100000001000101101011100
11110001101110111001000010110111
00100110100110111101101010010010
00001011011011011110000111010010
10010101111001011110101100101101
01000010011000111011010100101111
11111101100100010000100010011111
10010100101100011010110000000111
11001010010101111010110011010000
11110111111011011010100101110111
10010100011011101101100010101000
00111110111101000110101101001011
11110001110011110111000111100011
10100010110000111010100010011110
11101001010001010000011111010100
10000110110110011000000011011001
00001000001000111010011011011011
10100100000010101110000000000010
01010011000011111011001100010000
11100110111111001111010011101011
00000111001001011111100011111111
11001001101110101001101110000100
00110111011110011100100111010111
01110000010011011110101110011101
00000000100011101111010001010100
11010001011000111100010010010101
11000000011011100010101101100010
01010111001001100101100010110011
00010101011010111101100011101100
00110110110001100010000100101011
11000110110111001001010001100011
00110100001110101010001100100001
11101001111011100011011110001101
01100101010010001101000101011111
01010001000001001000010101011110
11001100001110010101110111101100
01111100010111011000010010100111
00000111110000110111000000010100
10100001000100110011100111000111
10101011000110110001001110011101
10111110011111000100110111010101
11010101001110010101010000100001
01111100100011111100110001001100
11001101110011000010011000100011
10011110110001100001000001011011
00001011111100111001101000100101
11011100110110000100111011100101
11001101000011011110010000001001
10110100000011101101010110011000
10100111011101101000110010110101
00111101101000101001110001111011
01111101010000111011101100011010
10111110111101000001111010110001
11111001110001011011011111001110
01111011100000001101001000100010
00111111111010110111000011011000
10111011100100010000111100100100
11010110111000110011111011011110
01100100010101010101000011101100
11111010010010000000010110100011
10000110011010111001111001010001
11111110101100100101100110010100
10000111010010000101010001111111
00111111101101100111110101101000
11100000101010110110110101011000
11110010011100010001110000001000
11011001100101110010101111010101
00101000011111111100110111110101
11000100100110110010100000111100
11000011100001001110000100101110
10111001111101101110110110010100
01111000011111001000111100000010
11010101100010000000111000000110
00011001101000111101000100101011
11110011010101010101100001001101
01110001011100101001110100010001
01101111010001100011011101100101
00110100101111100110110110001101
11010011110000001101000001000100
10100110110000001100000011101001
00011010101101011101111011001011
10100010100000110000111010110000
11011110110111101101001111001111
01101010010110100111111000000101
00010100000101001110000000101000
11000100001001101001111111100110
01011100011001110000110111010011
10111010000000011111100100001111
01001100101111110001000000010100
00011100110001101010011010001101
11111000000010111000011000101011
11000011100000100100110000001101
11101110100010000001010011100110
01110010001100101011100100100001
00101000101000000000110111010110
11101110101000110111001111100010
11111111010000000110010011000001
01110001100010110100100010100101
11110101010000111011001111001010
11010110010001111001001001000111
00010101001010011010100001001100
10110111100010111010000100101100
01010101011000011010110010110000
01111010010100000000101010100111
00001101000010000111000110000101
01000010101110011011110101010001
00100011101111101101011000111001
11111011011011101101010111001000
00011111100001001011101101111111
10000100011111101100011100000111
00001100111010101101010111011011
10100110000100001000111100111110
10000110010110001000100001000111
01101101000110011001110000000100
01110010110001101110010001010111
11010110101001100101110000000000
01101011011000101001101000010101
11110110100100111001101110000001
11101010110011011011011100010010
10001000000110110101000000000110
10000110110111001101010101111101
10011100100101101100110111011111
11010000001101111010011000010110
00110010011010101001110110000010
10100111010101110001001100000010
01100111100110110001111101011000
00111101110100100110010110011100
10110010110000010110101000000101
11011011101110001101011100010111
11001011111011011110101101011000
00011010101001000000010010011111
11010010111000000011100001111100
10100110101111010001110110010101
00010110000110100001101011001001
10100111110110001100010101010011
11100000110101010111110111101111
11101011010010101000111001000100
10100101110110101000010001000011
10001101110111110100100001000101
11010110011100101001001100000101
11110101100001111111010100111111
11101101011110000010000011110000
01100001111110010111001000101111
01100000111101100010110010111111
10111010001110001100011000111011
10010101011001010110100000000101
00111101111000011110010010111110
00110011010100110110100101100011
01011101111000010001101100001100
01110110111111100110011101110110
01001101001010011110101001100100
00101101010011110100111001010010
11111001011010011100111101001110
10111001100011011100010111011110
11001010001100110100010010110101
10000001000000110100001011100010
00000111001010011011110101111111
00010111011101001101001101000001
00110101001110100111101000010100
01000001111110111100010011101101
10111011011010101010011000011001
00011111001111110111001101111110
11101010110011000001001100001100
00101101011001101001111010101111
10000011111010010111010110001100
11111110001100011001100001111101
00100101010001101100001000011101
01111001100010001101001000000011
11010101001010000010011100001010
11001100001110001011111000111111
11110011010100001000000111111110
11111110101010101011110111011110
00101111111101111001101010101101
00110110000110011010001010000101
01001100011011000001111001100010
11001011101100011000110000110010
11010101110010011111000100100001
00010101111111111000000110110110
00101101000110011010010010011101
11101001100111111001110110110111
00001101000001000111110100000111
00100001100011100111111110001010
11111011011011000000000011110111
01110111111111001000000100110110
10100101111010100011111101000111
10111010010101111000010101011011
00110000110001000010110110000001
00010001110010110111110001000111
00101010110011101000000000010001
01100111110101011100111010110110
11110001010000110010110101111001
11001000111111111111000010110100
10111111111011000111011011101100
01000010010011110011100000011000
10011101011111000010010011010111
11000001011110110010111001111101
10100100011010100110111011011000
11100101111010010111000101010011
10001110010100101001111000110000
01100101001100001100000110000101
11111000101100111010101111100101
01111110101001010100000011000011
01001100011000111001000000110001
01001111100100110111111010101001
11011010001101101110111110110010
10100111110110101011010100001101
01101110101000111011101111110101
00101111110010001110110010111000
00101011011010001010010001011000
00011010110000001000111111100011
11110011000000010110001110110100
00110001011011111000111100100111
00101100111100100000010000001010
00010011110011011011010001000101
10100001110111100001100111000110
11001111010011010100110000100000
11011010110100011111110010000101
00001000110011101110010101110001
10010011101000000100000100100000
11100000001100011111110100000111
01100000100010000011100100100111
00000111001100100011001111001011
01000000110111010000000100100101
10000111001011000111001111101101
01001010110111011010100000001110
10001110001001000101110111110111
00110111111111010011110100110101
01001111100111011011010110110001
11001110001110100010110110000111
01000000000101011000010111100100
11101010111010101111110110111111
10001111111010111010101101100011
01011010110011001100000011101100
11011101100000010101010100001000
11000001000001011001100111011101
10101110010111111000111100101110
11000011101100110111101101111100
10100010001011001001001100111001
01101101010010100110110111011011
10010011011001010000000111000100
00110100101000010001000111010101
01000011001011110101010001001010
11100000001101000000000010001010
10011001111001101000000100011100
10000111111010000101001111100110
11100001110111000111110101110110
00001001100010010110100001011011
11001101010010111100100011101011
10101001110000010110000001001111
10000001000010101101000110011011
00100101111000110010000000010100
10110110100000110011111000011000
01010001000110011001110101100101
10101001010000110110010101101011
11010010100100011111111111110101
01111011110001010100000100100100
10001000110000110010101110001101
10011001111001010111011011101001
10111010101111001000000011100110
00100010110100000000100111000011
01110000010010010110101011111101
00111011000000100111100010010110
10001001100001111111100010101000
00101100011110111111001100010101
11111100100011100000111000110001
11100001110010010010010010100010
10000000001010000010011111101011
01101000001011110010000101111000
10000001110110100101110011100000
00111010100010010111110001010101
01000101100101010010010101110010
10001001110010110110101110100011
01111001010111001000110011111101
10001001000011001101110111110101
11000101110110111000111111111010
10110000010101100000001110000011
00001000011011110010000001001001
11011010111011110001011101111000
11111010000010000011101010100011
00111110011001101100001010000001
01011110011100111000001101000010
11001000000011101000001011100111
01110100111000010110111100000000
10001100000110010011101111110010
11000110101000001101111001000010
10010010101111010101000111011110
10011110000110010111100110100101
10101010111000000100111010011100
11110001101001110110011101010011
10111110000110001011011000100001
11000111101000111101000001000010
10011001010010101100110000111011
10000101110011011100011101000010
11101100011001101001111111100110
10010010000011001001010011000011
00110001000011011001001001101110
11100110110010011010111101101101
10110101011101110110111001001001
00011011111011111011100111010110
10110001011111101000000000000010
01101101010011011101100110011000
00011010110000111001101101010011
11010000111101101101011010111111
11001001111110000000011000011100
01111011110100100010011101111101
00110100000111010100000010111101
00011111000011110010100000110100
01010011100110011011001101111001
11111001101001000001101010001011
00011001101001111001110001100101
10110000100000010000110111000000
10111011100101111000100001001101
10111011100111110111101100011111
00100011110101001110100011111110
01111110000001000001001100100011
11100101001011010011010010111111
11110111100101000100001010011111
10011011010100101011110100010110
11001111000001110001010110011001
00101100101010011110111100101110
10000000101101101001000001011110
11100001001011100001001010100100
11101000110101101011110000001100
01101110011100101100001000010001
01100101000111111110100111100111
00101011110111111110110001101000
11110110111001010010111100011110
01000011101111110100000010011111
11101111010011000101011101001001
01101101100010101001111010010111
10110111101101011100001100010001
01010101100101111011010111100100
11011011001010101111111011001011
11000111000001110110000010010001
10111110010010011001111110111100
01100010000101111010010111100001
01010111111011011100110001011010
10010010110011111101110000000010
11011000100010100100100001001100
10000001101111101000001011010000
11101001011001110000011010000001
01111111011111110010011000000000
10000101111011010011111100011001
10000110010001011011011111011010
01011111100101010010001001101111
10011100100010111000000111001000
10000000000010100011011100101101
01010111011011111110100010001001
01000010101110000001100011010111
10001000100000110111010110011101
01100010100110110001100011000100
00001011111000110110000011101100
01101111011110110110110000101101
00010000111101101100100000001110
01110010111101010000011001000110
11110011101001101010011110011001
11111111001110100110111100111001
11011010011101001111101010110001
11101011101001000101010010010111
11011010111101101000011101011101
10111000010011001100100011010000
01010101100001100100110111010010
11101111111101100110111101111010
11101011010001011110100000011110
01011010010000111100011000100010
00011111100111010101110001110101
11100001010100110100000000000011
11010101010000110100000000010110
00111001110100001000100110101111
11101100110010011101100010101101
00100001011010100111100111111100
11000101100011101011101011000110
00011001110111001001101011111101
10011000001000101010000000010111
00110011000001101000101010000011
10011110101110010110001101011100
00100001001110100111100011111101
01100010010010011100100001101000
00110011111001101111010011100000
00101111101011110000101000010011
10100010100101011011110100000010
10001110010001100101100100010100
11011001110000000100100111111110
10110011001010000110111110100101
11010010010010101111101001110101
01011011010101011001100111100101
00110110011100101011001111000100
10011011011101011101110001110000
01011000111110111000101100011010
11100000010000011001011011101010
11010010000001100001000000100010
01110000100101010101001000000101
11001001010001010110111000101000
01101010101010000011101100111000
11000100010111001111110101111001
11001100101100100111001101011001
00010001101011010011101100001111
01101100111010101110000100000011
10111100011101000000100110001001
01110010100101000101100011110110
10000011011110010110101101001111
01010011011101101110111101010010
10001100000001111010111001011010
00111000100100100101111011011110
01101101100010000000100010010011
00110001010101110010011100101111
11111000100101010001101111111010
01001001000111011000011110010010
00101010101110100010111001101000
00001100111011001111110011101110
01011110011111110111001000101100
00110011100000101110100110000101
01011110000110110100001101000101
01000011110100001100100111101000
10011101010110110100001010100100
00100110000010110001110111100011
00101010100101011010101011101101
10000101110011001010111010000001
00010110010011110111011011101100
10000110100100111111100101110001
01101101010001000101010001101110
01010011101000100110010010010110
11001000101110001001111110011000
01001111010101111110010010010110
00010110010100000110110101001000
00101101101010100001110110011111
10010011000001000111000011010011
01001001010101101111010010010101
01011111111101101011111001011010
00010000110101100110111110010101
10011001001001001000000011000101
11001011111010101010111111011001
01110001001000000011010001101011
01001011010111011001111001111001
11100100011010101111100110010110
01100011111100001101111010011010
11110101110100101001010100101011
01010101101011001100100101001100
11001000010100111101110111111010
11010101111110101000111010111011
11110101010111011010110100000000
10101010010101101010011010111101
01101110011011100111000111100001
01000100111101111100101110110010
10101011101011011101000001110010
10111001010100110000101000100010
11011111000010110110011010100011
11110000110001101001100011001100
10000110111111001101110001111011
11110100001100010001000011010100
01001100111010001000000001100001
01110010011101000011101001101001
11011100001110100001100100100011
01010010100010010100001111000101
01010101000000100100100011110001
01100000101110010011000001000110
11111011001010110101000100011010
10110000000010111110101100100101
11001101000001011011001010000111
00011000010101110110010000100111
11011001111111111110000010000000
00111111101101010101001011101111
10111000011000110000110010001101
11000000101010001111110010100101
10100011010110101000010110101111
00000000100101010101000001011110
01011011100010000011001010001010
01111111111100000000010001101101
01110111101000010011000110110100
10110101010100010110110110100110
11110001100001000100101001000000
11101001011101100000000100100000
00111101110001110001010101100110
11110000101100010111010011110101
01001101000100000010000010101101
00111010000101011100100000110011
11011001110110011100001001000101
00011111000110111001010101000001
11010110010100100010110111001111
11000011010110111111001001001110
01111100111100100101100001101111
11011101110001000010001101100111
01001001110111101000110001000001
10011001101110111001000100111110
10011001101000101100001010000010
11010000100000010110111010001110
11010001000101100001100101100110
11110011100010101010010101110001
11111110110001101000101111111101
11011111100101001010110101000001
11100100010101101101111000111010
01111011110010001110011001000101
00010111001011010101000100000010
00010101101010100001100011010111
01010010111000011101001011101100
11011110110000100010011110011010
01101001100111100101101111101011
10100010010100110110110110100000
11000111110011111101110101100010
10111001001110010101100010010000
01001110111110111000100001000001
10000011010001001100000000110101
01110001001000011110011011111100
11100101001110110001100011001001
10111010001110100011010010110101
10111111111011110111011110111011
01001110111010101010010000010001
01100101001011110111101100011111
11101011010010100010001010011010
10000111101101000000010101110110
11010000101000111000010110111100
01111101001111111010011011010100
00000111101110010010100011000101
10110011100011011011000010010100
01101101001100100001101110000011
11110010111101101101011010101000
00001110001111111011010110100000
10011111011011111111011111001110
00100110000101110001010010000011
01101000101111011100010110101000
01110001001111001101000001110110
01010111001101000110010001010001
00001110010011010110001010000011
01110110110100111001001001011110
11100101000110111001111100010010
11110110000011000000100011100010
11101010001000010010001101110111
01110001011100110100000011110001
11010101111011110011000010100010
01011000011110011111000101100001
00011001111100111100111001110001
00001010100110100010101101110001
00100100110010101111100100011000
10110111100101101111001101000010
10111000011110011010100101000000
10010000100001110001000111111111
11001010111011110100111110110101
00111010000101001011001100110100
11111101001001101001000010111110
11010000001011101110011100010001
00000001111101001101010000000111
00010010010011001011100111001000
00111100010000110001100001011011
00111101100000100110011010101010
01101000000111010001001000010110
01010000101101001010010000001111
01110000011111110011010001000000
00000001010011110010100000010110
00101000111010111111010001111110
10011100100110000010110111011101
11001010010111000000100001010101
01001110001011110110011100001000
